========= This is average in track
               empty_bar      pitch_used   qualified_note polyphonicity     in_scale     drum_pattern   chroma_used  
          16     0.0000        12.4750         0.9377         0.8797         0.6616                        4.2500    
          38     1.0000                                                                                              
          28     0.0250         9.9333         0.8374         0.2571         0.6914                        3.1917    
          57     0.0250         3.5333         0.8627         0.0308         0.7801                        2.0333    
          46     1.0000                                                                                              
          51     0.2000         6.5750         0.9120         0.3553         0.5740                        2.8750    
           0     0.0000         7.5750                                                      0.3156                   
========= This is average track vs track
          16           28      1.40263
          16           57      1.06746
          16           51      1.14684
          16            0      1.34426
          28           57      1.65963
          28           51      0.97560
          28            0      1.48489
          57           51      1.33024
          57            0      1.42415
          51            0      1.07123
