========= This is average in track
               empty_bar      pitch_used   qualified_note polyphonicity     in_scale     drum_pattern   chroma_used  
          16     0.0000        12.4750         0.8898         0.8807         0.6615                        4.2500    
          38     1.0000                                                                                              
          28     0.0250        10.0583         0.7656         0.2369         0.6877                        3.2167    
          57     0.0250         3.5667         0.8169         0.0298         0.7782                        2.0667    
          46     1.0000                                                                                              
          51     0.2000         6.5750         0.8945         0.3537         0.5729                        2.8750    
           0     0.0000         7.5750                                                      0.3156                   
========= This is average track vs track
          16           28      1.40932
          16           57      1.06613
          16           51      1.14746
          16            0      1.34444
          28           57      1.66827
          28           51      0.97978
          28            0      1.48525
          57           51      1.32903
          57            0      1.42422
          51            0      1.07177
