========= This is average in track
               empty_bar      pitch_used   qualified_note polyphonicity     in_scale     drum_pattern   chroma_used  
          16     0.0000        12.0250         0.9177         0.8583         0.6759                        4.1000    
          38     1.0000                                                                                              
          28     0.0250         9.2250         0.8156         0.2273         0.5548                        3.1500    
          57     0.0000         3.8500         0.8632         0.0133         0.7520                        1.9000    
          46     1.0000                                                                                              
          51     0.1500         6.2583         0.9139         0.3494         0.5300                        2.7000    
           0     0.0000         8.0750                                                      0.3039                   
========= This is average track vs track
          16           28      1.30943
          16           57      1.07113
          16           51      1.15548
          16            0      1.36923
          28           57      1.65932
          28           51      0.98714
          28            0      1.40559
          57           51      1.44149
          57            0      1.54081
          51            0      1.10034
