========= This is average in track
               empty_bar      pitch_used   qualified_note polyphonicity     in_scale     drum_pattern   chroma_used  
          16     0.0000        12.0750         0.8776         0.8576         0.6754                        4.1250    
          38     1.0000                                                                                              
          28     0.0250         9.2250         0.7509         0.2067         0.5542                        3.1500    
          57     0.0000         3.8500         0.8197         0.0130         0.7518                        1.9000    
          46     1.0000                                                                                              
          51     0.1500         6.2583         0.9002         0.3490         0.5304                        2.7000    
           0     0.0000         8.0750                                                      0.3039                   
========= This is average track vs track
          16           28      1.30788
          16           57      1.07319
          16           51      1.15622
          16            0      1.36857
          28           57      1.65799
          28           51      0.98397
          28            0      1.40115
          57           51      1.44084
          57            0      1.53854
          51            0      1.10050
