========= This is in track
               empty_bar      pitch_used   qualified_note polyphonicity     in_scale     drum_pattern   chroma_used  
          16     0.0000         9.0000         1.0000         0.9792         0.4857                        3.7500    
          38     1.0000                                                                                              
          28     0.0000         5.5000         0.9472         0.3359         0.8873                        1.5000    
          57     0.0000         3.2500         0.9688         0.0000         0.4991                        2.0000    
          46     1.0000                                                                                              
          51     0.5000         7.5000         1.0000         0.7604         0.7534                        3.5000    
           0     0.0000         3.0000                                                      0.2997                   








========= This is track vs track
          16           28      1.64118
          16           57      1.15319
          16           51      0.85418
          16            0      1.58885
          28           57      2.17471
          28           51      1.13942
          28            0      2.26350
          57           51      1.48000
          57            0      1.55486
          51            0      1.48697








